7,2
3,4
RESET
0000000000000
0000000000000
0000000000000
0000100000000
0000000000000
0000000000000
0000000000000
0010000000000
0000000000000
0000000000000
0000000000000
0000000000000
0000000000000
0000000000000
0000000000000
0000000000000
0000000000000
0000000000000
0000000000000
0000000000000
0000000000000
0000000000000
0000000000000
0000000000000
0000000000000
0000000000000
0000000000000
0000000000000
0000000000000
0000000000000
0000000000000
0000000000000
16,4
16,4
0,2
1,4
1,6
9,7
9,5
9,3
12,3
14,6
17,6
18,4
21,3
23,5
RESET
0010000000000
0000101000000
0000000000000
0000000000000
0000000000000
0000000000000
0000000000000
0000000000000
0000000000000
0001010100000
0000000000000
0000000000000
0001000000000
0000000000000
0000001000000
0000000000000
0000000000000
0000001000000
0000100000000
0000000000000
0000000000000
0001000000000
0000000000000
0000010000000
0000000000000
0000000000000
0000000000000
0000000000000
0000000000000
0000000000000
0000000000000
0000000000000
6,3
9,3
8,5
6,6
5,6
3,5
3,3
11,2
13,7
11,6
19,3
RESET
0000000000000
0000000000000
0000000000000
0001010000000
0000000000000
0000001000000
0001001000000
0000000000000
0000010000000
0001000000000
0000000000000
0010001000000
0000000000000
0000000100000
0000000000000
0000000000000
0000000000000
0000000000000
0000000000000
0001000000000
0000000000000
0000000000000
0000000000000
0000000000000
0000000000000
0000000000000
0000000000000
0000000000000
0000000000000
0000000000000
0000000000000
0000000000000
LOADFROM
0000000000000
0000000000000
0000000000000
0000000000000
0000000000000
0000000000000
0000000000000
0000000000000
0000000000000
0000000000000
0000000000000
0000000000000
0000000000000
0000000000000
0000000000000
0000000000000
0000000000000
0000000000000
0000000000000
0000000000000
0000000000000
0000000000000
0000000000000
0000000000000
0000000000000
0000000000000
0000000000000
0000000000000
0000000000000
0000000000000
0000000000000
0000000000000
LOADTO
0000000000000
0000000000000
0000000000000
0001010000000
0000000000000
0000001000000
0001001000000
0000000000000
0000010000000
0001000000000
0000000000000
0010001000000
0000000000000
0000000100000
0000000000000
0000000000000
0000000000000
0000000000000
0000000000000
0001000000000
0000000000000
0000000000000
0000000000000
0000000000000
0000000000000
0000000000000
0000000000000
0000000000000
0000000000000
0000000000000
0000000000000
0000000000000
RESET
0000000000000
0000000000000
0000000000000
0001010000000
0000000000000
0000001000000
0001001000000
0000000000000
0000010000000
0001000000000
0000000000000
0010001000000
0000000000000
0000000100000
0000000000000
0000000000000
0000000000000
0000000000000
0000000000000
0001000000000
0000000000000
0000000000000
0000000000000
0000000000000
0000000000000
0000000000000
0000000000000
0000000000000
0000000000000
0000000000000
0000000000000
0000000000000
LOADFROM
0000000000000
0000000000000
0000000000000
0000000000000
0000000000000
0000000000000
0000000000000
0000000000000
0000000000000
0000000000000
0000000000000
0000000000000
0000000000000
0000000000000
0000000000000
0000000000000
0000000000000
0000000000000
0000000000000
0000000000000
0000000000000
0000000000000
0000000000000
0000000000000
0000000000000
0000000000000
0000000000000
0000000000000
0000000000000
0000000000000
0000000000000
0000000000000
LOADTO
0000000000000
0000000000000
0000000000000
0001010000000
0000000000000
0000001000000
0001001000000
0000000000000
0000010000000
0001000000000
0000000000000
0010001000000
0000000000000
0000000100000
0000000000000
0000000000000
0000000000000
0000000000000
0000000000000
0001000000000
0000000000000
0000000000000
0000000000000
0000000000000
0000000000000
0000000000000
0000000000000
0000000000000
0000000000000
0000000000000
0000000000000
0000000000000
LOADFROM
0000000000000
0000000000000
0000000000000
0000000000000
0000000000000
0000000000000
0000000000000
0000000000000
0000000000000
0000000000000
0000000000000
0000000000000
0000000000000
0000000000000
0000000000000
0000000000000
0000000000000
0000000000000
0000000000000
0000000000000
0000000000000
0000000000000
0000000000000
0000000000000
0000000000000
0000000000000
0000000000000
0000000000000
0000000000000
0000000000000
0000000000000
0000000000000
LOADTO
0000000000000
0000000000000
0000000000000
0001010000000
0000000000000
0000001000000
0001001000000
0000000000000
0000010000000
0001000000000
0000000000000
0010001000000
0000000000000
0000000100000
0000000000000
0000000000000
0000000000000
0000000000000
0000000000000
0001000000000
0000000000000
0000000000000
0000000000000
0000000000000
0000000000000
0000000000000
0000000000000
0000000000000
0000000000000
0000000000000
0000000000000
0000000000000
